52529
47063
12708
43327
42198
25971
60
25440
61819
50258
33795
65060
25925
2897
53963
59859
35308
58662
14214
39799
434
9823
229
32097
17858
57492
28215
37246
12190
30186
28088
45349
64160
15406
39927
10715
15851
55441
43987
53889
46601
25331
11081
64067
15702
27017
8287
59074
62428
484
46579
51542
7192
39755
29946
5645
14053
1501
10844
30696
14902
16111
49968
41301
42587
43704
48237
51358
26545
3775
36342
23902
16938
16924
49818
44198
54393
4467
34425
46013
59824
27019
56577
58645
12727
62980
51723
36012
29859
45274
8440
8816
47289
6184
33915
15716
17248
52364
57202
22098
29007
55685
19032
26441
38865
46535
32571
54621
47301
25979
65247
34232
57418
44218
55082
57051
28225
51665
33665
42875
50110
51449
28682
22437
28161
3137
20999
11653
18426
19134
55071
22560
25614
5221
35578
25202
44691
38134
62671
24316
11619
55151
4075
24473
9172
51855
32820
5309
149
35355
60689
24651
45151
14911
28049
29142
32529
51681
43854
3955
64392
26444
1320
64290
44670
8271
58423
61807
61482
43997
34380
15745
35078
43494
27343
9250
33327
52938
42016
63760
5774
28741
27966
39341
27501
49438
24035
8491
38945
41333
54371
47117
30375
56670
17438
37215
52363
53937
13549
18225
16191
20349
33763
33062
42232
23041
18564
9669
1369
13841
14457
57496
54945
33552
59047
27277
14825
16018
52317
42122
61623
1636
42037
3920
29144
11689
8063
57825
21675
29992
64055
33243
15432
30883
42262
17501
38218
64011
60756
3452
41983
33338
47176
45566
32552
45401
24623
9240
5071
56432
23215
6242
53167
30119
14761
51759
22343
21519
19819
23490
48247
31062
35840
41418
11722
29782
1069
47955
16633
17190
50818
63582
46348
10030
43402
60449
35310
40199
11721
57760
64184
48252
13657
40351
32802
56738
58557
53182
56942
4966
54130
25875
10659
8367
59866
37338
34894
62167
46269
31631
38948
54596
55726
31149
44090
38018
24572
52176
30066
61423
43066
24884
25406
49588
700
44984
26769
54586
16780
49170
59158
56358
26846
63301
16719
35519
15707
26448
31263
32616
19438
8127
43730
30846
17956
16883
26263
9080
36134
13753
9693
51929
45808
49542
4144
14071
25747
31372
17268
33770
29634
10907
26572
17897
45773
46506
48099
50977
38463
61037
40039
613
21889
44620
63937
53400
33717
64275
60911
33335
45895
39604
32860
13161
46702
26392
40319
49352
23691
51014
1537
41023
25741
35599
9990
52612
10020
64225
12597
24023
9069
12392
52787
31531
36453
25963
52981
6233
42400
9724
34243
24948
8815
18077
49171
64009
53153
696
55423
60926
46339
55181
16658
26083
18300
34466
3885
55424
30914
58517
15931
6448
54884
17951
11304
26539
46107
58250
18010
24105
36158
46380
39686
3332
25776
58491
16179
20607
10490
16284
19499
21176
40524
29505
48343
3397
3777
23361
60498
51233
18322
17621
16214
6241
59945
27391
50676
1254
58968
62721
52380
33260
29075
3082
52006
23763
53027
51522
35438
50299
30154
10868
31943
61041
56997
20440
46558
47226
27093
25249
6321
19961
1632
23586
51568
61556
47743
22085
3182
20068
36937
6867
52991
37632
11978
24692
50922
27084
38334
50692
1347
61698
45313
56915
23523
21706
38083
54449
1990
33246
63485
21261
38374
9989
50331
47923
39532
12480
43409
3417
50568
29563
27810
19814
61729
34940
61926
44416
52027
32607
22778
24565
2888
21142
31164
48389
16047
28422
61670
21124
445
22713
61618
6147
54690
23588
40546
51643
4744
47338
55496
47994
34031
65158
7090
38115
54215
51083
16585
8701
22389
1857
6657
50661
34607
18541
56385
58489
15721
54120
15476
57029
9532
39314
29613
58945
29656
17203
62625
6821
50119
37793
25247
23592
41896
60343
5022
22042
60727
64720
9970
9699
49461
28465
64943
44132
42383
14321
37259
8974
62895
12045
52581
52224
42921
42942
866
22884
10169
13013
48750
5075
34314
58388
30876
10774
6360
11783
33103
9856
23829
37485
34058
14649
65289
7992
30477
21915
35860
43573
64789
12803
58060
53906
42767
43451
22902
57299
23125
51343
29685
52649
3336
31593
31387
3434
32265
41911
33325
3745
39931
59955
23795
32421
5095
46632
45030
8995
1247
14309
26418
49842
63469
28197
31142
12901
61756
11999
18242
65204
40068
22349
59276
20550
60052
48196
44067
65319
45516
43560
5032
20908
21487
47971
58759
46408
33600
33918
2269
47375
58815
42980
7147
5286
43336
9113
1492
59037
34161
7990
60304
63755
52830
4348
45632
40968
58571
29273
58353
1716
5866
40007
59336
14092
57442
5414
7332
39125
48281
658
41231
16769
33161
54098
8004
10110
7860
52073
45418
59095
60334
34972
40534
62170
18429
61525
59337
49696
47120
63871
44597
45818
55002
1634
46298
52196
32011
46915
56179
2953
2712
34029
25441
49244
11266
51336
27453
49801
59654
54008
63793
47640
53108
10223
60586
34069
3808
32324
20824
40196
2869
36878
61427
12892
53041
584
39786
39628
48873
53501
62298
54272
20503
59300
35212
18012
5648
12899
58468
51888
40606
14490
57203
1827
33014
65468
11539
50406
26949
480
7777
20583
39972
37101
29380
32743
42060
33870
57476
51061
54807
33945
42931
56375
4229
50829
47355
53196
31734
36966
50335
12781
20151
1974
62738
61812
9049
26196
1014
35924
9070
7417
59451
1767
57331
6287
25694
57915
16383
23381
57186
21025
60370
64693
37097
13572
45507
30067
46245
12079
43417
32927
64881
45781
16204
6967
24751
21586
54410
65321
22587
4124
8058
21943
36206
42023
9013
5940
41552
1842
21890
20412
63853
49663
61684
51563
53214
61579
32856
27625
58670
4478
25118
20895
55174
10154
36701
60687
35330
61724
40577
63205
60468
30341
31705
6994
25544
58456
60654
15959
49449
5882
27682
26884
55448
45712
44357
11331
48787
14292
39588
11754
4538
33670
47838
1510
13199
60699
32716
55615
17933
37498
24430
25526
32134
64389
34079
53238
27852
17732
19588
59079
17338
1481
11657
27584
57503
46317
14326
35742
21137
29607
52251
12053
4473
53037
9563
64733
58633
64226
20866
10484
39416
22803
24573
51432
47181
62158
10758
37730
10064
57593
50370
15699
3691
50429
549
25459
7071
713
43059
53063
17693
65272
5791
39410
11130
13984
32546
10024
3540
1353
36899
60778
54926
62687
34384
36002
62404
6023
12175
15551
63655
60307
9252
62888
30501
54686
12982
9161
54002
4099
31346
52580
2958
36471
59756
48643
17879
50636
187
48797
29673
56421
51849
38058
57567
22552
17873
62807
22661
16525
27484
57577
96
9530
50126
53376
26495
12386
8157
40849
17554
24143
49158
25789
25686
35126
22568
36751
64999
63063
8068
58342
21077
33273
16940
37953
5382
935
52150
11289
46534
26592
39995
17580
54598
58575
25237
59323
11114
50039
19294
48094
41807
48725
22906
994
49005
29428
5508
37233
40537
47720
6927
1762
45374
15875
24559
41356
15013
38875
4433
5120
57099
3132
62904
49460
33695
17387
64482
22989
36711
21237
29041
21817
27325
11210
55015
30287
65129
5616
43845
29045
37265
26783
51096
64853
52479
31484
2835
59169
24387
61551
63018
9115
11788
64400
22832
3649
27770
45626
54999
58963
5025
7598
42141
8445
59140
16011
29514
56133
5523
53389
12693
6621
47612
50554
36385
47336
2774
13025
57314
17894
34790
15055
24350
59358
48470
4954
20736
45439
9854
15896
42687
18025
1330
22458
716
8875
35819
59822
15033
24140
27434
8583
6541
9789
10255
32344
11255
1407
12543
27107
48176
31284
6840
20027
43178
38614
60580
65493
51455
59797
46277
30299
12115
38580
4735
31215
59924
21219
6522
7740
18618
52542
16638
48563
1250
7823
46623
7728
39592
50934
4959
34130
47340
4968
7908
12178
39411
9887
24210
41131
16007
34807
50599
36949
60495
33623
49929
7017
56127
7357
28931
39100
60935
58362
24294
24367
5607
14918
43459
43283
25957
62597
36773
19621
46984
41029
64477
42557
302
36581
47050
10023
2055
4279
7735
3198
30130
46731
22405
55378
41226
32067
31603
43810
37582
64043
64489
10057
31613
52059
23920
7717
16926
49355
17487
59537
64108
4529
63988
31014
35366
13078
1980
61745
47298
29047
30011
9537
21419
29224
45067
41710
10883
30606
59141
49369
14477
25518
52549
17667
2582
24195
556
23365
58707
58902
53553
138
8125
7570
28781
23205
9212
60083
36191
3902
9905
26673
1625
31426
60143
28247
38420
28138
24828
61425
44595
26440
56702
58304
43385
33550
58269
18060
7029
37620
38750
26468
9805
42032
58311
6338
56331
58323
14127
107
39157
2246
1309
3583
47397
7699
39956
8093
55091
17371
41286
64088
15925
21852
46701
17792
43358
51012
64247
37761
51464
45255
55467
29456
43589
8725
37904
19670
3598
20377
41751
58609
33442
53426
38445
31067
59721
48591
39176
46588
58704
26952
10042
25860
8658
30228
27660
25548
42413
4791
60941
62251
43586
19234
8740
49709
34236
21037
13139
57445
39419
62907
2924
44496
52478
43595
54105
34731
38754
57903
31988
4249
13829
2784
8792
33105
43656
41290
43015
29335
15940
10587
32472
59304
41632
20803
56908
62696
29896
19467
54186
20859
7955
41191
1924
45280
3552
45670
14117
6405
59437
29543
53535
24150
26643
9152
41308
52610
14766
16151
50711
3210
50419
1568
45008
43923
32577
8641
14345
48564
7708
17331
12465
1687
13269
53454
36173
3390
22812
12997
32803
57142
52446
45585
62580
17127
16452
40495
19162
59028
18008
15760
4589
29632
9642
46127
13839
14423
44039
64105
61893
13673
44125
60959
14493
28260
43559
8866
45597
10924
25239
20631
29436
44171
19453
57967
12440
13088
9071
45879
47835
63008
26456
22203
48066
54916
45801
37106
44212
49471
3133
47784
15294
57911
25801
11101
51667
49539
49058
43538
27876
23690
3010
52771
43071
35243
22290
60285
56167
40906
4814
57914
64567
33433
20408
16258
38393
15784
20819
22302
57565
6755
2239
46045
16002
3197
10969
56552
6216
54783
47786
51946
47793
2787
15183
5228
22434
10822
42160
42590
9147
38665
14530
13941
30828
53104
5034
22527
17183
49346
14505
40349
3138
1717
51160
49391
53851
4275
32381
3697
29810
8492
16644
4317
22964
47511
57443
30349
13809
49597
5760
50680
14623
12475
29191
26494
58685
4101
49268
44920
6975
13696
20195
56656
25510
24628
9584
22894
57924
29485
12721
52763
13198
12378
63321
1093
57673
17421
31192
22307
8300
28142
48858
5728
33752
14772
7880
1411
23534
60072
45899
20832
60200
64387
14739
4552
61771
41071
9111
40275
18039
3512
51973
57335
25007
39380
39603
17027
56668
13364
35881
62652
36820
26912
40972
49308
24820
60804
10740
43572
64376
43261
52493
55414
59953
10332
36575
62513
20274
17550
42168
28307
51483
925
62445
26204
10925
9803
9846
7170
64034
62273
60894
34279
50879
34566
27949
33120
35753
37655
8317
6807
13412
63396
13332
24291
8276
51298
7
20051
56418
34275
8523
11006
34729
2168
59757
40602
34369
28036
23812
50020
23451
59799
25037
40593
60864
44710
10184
8303
1763
27303
38881
34185
64324
5565
28452
29664
6686
59676
18282
3064
60213
54336
25215
232
20318
47501
55023
20505
62598
44716
3798
26646
41244
13100
16282
25682
55692
10642
11716
25711
56009
41066
17049
41095
42334
45347
10068
32801
25481
33504
7566
4330
61972
34317
8463
10342
13011
3205
29017
47857
47000
65388
61959
50753
43204
20287
52964
63472
23916
19512
441
14219
35332
64367
4536
31271
31163
23572
12793
70
1470
42273
59052
23832
20710
63839
51901
32562
63136
50823
40050
1372
51471
22108
53602
56650
5133
9844
10948
27981
41758
26007
45046
22237
44481
32805
6451
12483
35288
30450
62411
8531
50932
9076
47653
29799
6566
51512
59458
28110
65357
59457
28218
27097
17537
6092
29917
25473
30773
29419
36217
13228
42355
37938
60127
16080
27450
12921
29213
6619
62577
26315
24838
20794
60731
65413
47399
53061
37729
58919
38778
35038
62940
36651
34525
8960
59652
9263
24477
57429
32352
40067
9525
46703
53907
55024
44982
30650
58970
46554
47814
33229
985
16884
25545
28794
23136
36172
11861
52329
13980
44434
1554
34974
8452
14284
1681
21729
40420
26438
18330
48659
10007
28106
32656
53202
48258
40762
46985
28645
61632
30658
11908
26736
42019
3716
35136
22810
10592
54021
24785
38785
26002
48985
21169
37473
16943
10267
33611
48580
23052
27153
34306
60968
64775
19435
49053
40690
29300
30563
7589
45650
4367
49163
41310
32979
45598
10168
44839
5796
24615
58977
42706
35773
54960
21810
54571
11099
58306
28950
65535
60360
18396
43463
2074
13837
41392
38559
32818
18913
4893
31751
43762
7853
32853
38657
34496
56717
47102
33013
19373
63333
53394
1986
17699
11252
12400
34785
5865
22801
54160
36583
17262
64090
48981
40880
21027
11820
53807
5715
46221
35154
17410
2499
18281
16341
55508
39916
13621
53382
8172
57154
23269
39089
43284
7950
10761
40254
20735
61794
2456
16133
48405
1345
48807
54189
21207
10678
48118
32435
44818
22041
4094
13294
17164
29103
13398
15515
33281
30745
503
35376
43621
30698
33585
45053
55910
7483
15379
24403
25369
22149
47714
22284
27054
22666
44046
50838
21634
47014
27582
39338
5586
7841
32020
34278
7006
51075
15812
2628
53132
45610
31857
9509
58246
63903
44280
11170
544
38521
1837
50107
11395
35948
15793
10579
35225
16311
60060
9763
49549
12983
43058
2177
13851
36115
65392
22356
6641
22988
15509
43722
32863
34817
9141
6882
18019
43504
30036
58108
1821
33847
15907
11624
39816
42530
48200
16125
36500
32824
57072
49345
4301
15305
52350
41051
13526
39022
22526
2132
34400
38688
48978
62357
39471
27843
57728
19535
37636
46024
41635
46736
34934
33130
48208
50562
17016
12845
43549
38797
9890
21412
58418
25302
48342
8767
45218
17140
50240
5480
49430
47505
15682
49180
50358
48905
51878
61836
35521
61514
7406
48042
45445
14663
56731
55634
10061
44063
49560
6846
38446
54912
48650
30182
10554
51076
2823
17641
12706
21167
29790
62259
36403
59420
58140
56316
10519
62033
46489
48337
43333
12937
35675
55240
60407
60870
8537
17416
11024
16520
29078
30779
49011
46830
23400
17272
18067
62937
9714
11882
55964
40539
45886
25092
59727
45419
22658
48032
47613
53174
24957
29493
10111
3526
6347
55984
25826
31972
49637
14611
4171
20878
38224
31967
35459
30108
62014
36725
26375
904
34556
49396
62737
56573
56743
47321
62245
44314
8944
8802
41916
64678
57891
10900
5381
25584
51714
62382
64521
43167
37417
15731
21294
10850
19018
49806
52254
17235
53228
36326
6101
31161
42142
31814
36096
37255
64958
33253
59448
11780
49047
2916
58743
59646
50956
4481
2762
43278
34661
57525
58879
7023
53541
5857
27028
26712
61687
11218
36609
51803
34406
367
1034
45985
60723
41515
48503
5219
62210
61429
56103
34844
45
45257
31324
13289
11110
17304
26780
58589
5284
11192
42737
52520
48594
35479
12894
56966
55281
49853
128
12049
57262
21006
28461
62683
55381
23245
45329
35804
4755
15413
16414
993
47748
10067
14425
29235
14872
14988
23344
11243
18410
59184
65147
15036
2218
63126
53203
2123
13365
47583
18602
60853
22086
15331
31214
49516
41361
17771
39283
27048
42352
45936
31903
41994
60716
37667
10261
30806
24221
22790
4154
5272
40633
44641
6359
20253
32681
63302
18164
3156
24256
63720
27055
9800
32214
30331
41754
53859
34039
30528
34620
34828
53971
43068
43634
23089
33157
21178
54704
26763
281
46242
62177
13278
44366
26929
63998
63007
64288
15156
32692
15418
54159
13959
26356
42441
49949
48920
57955
54601
47244
21014
42681
25259
35390
29089
64643
41209
11778
17303
33586
62670
29027
49762
27432
30527
14245
36779
13707
10336
17288
43013
21402
49470
63712
2449
31445
6457
64126
13390
16580
20321
39343
13359
58541
5635
40638
40963
48891
58871
20001
57178
32885
34706
65215
34627
20317
31390
31184
30301
21950
54278
39315
62927
29731
35517
54418
63894
21187
59383
13919
37569
44104
26564
11752
15393
51209
41403
2481
30757
39199
25644
19976
5245
45409
41869
15275
55192
13553
4627
4551
52683
51627
31985
56306
21877
13968
53087
33225
12390
49698
25468
61539
23682
15545
25659
52546
5360
20025
31794
55348
58178
45356
35968
39667
63950
53333
35018
39523
35718
30635
31721
44246
60605
54612
63565
11394
25899
17776
5143
61212
51268
59698
3770
2516
49188
30434
34754
55888
27671
49203
35892
61917
55257
13484
52597
6143
49411
6001
18141
36053
28867
34810
44577
6548
27731
37864
28937
14970
57398
28892
7640
10718
39685
26447
5172
53204
60057
16219
65426
61633
13300
19606
58278
12407
51640
30163
7788
989
61784
29323
3551
7547
25710
39061
55073
38410
19900
768
13998
37080
31912
63045
23211
33651
6670
58415
31235
40784
29925
40228
35743
26243
44162
35967
22982
20971
33017
16710
52984
32260
18256
39126
53725
50007
28662
29179
62903
48800
43582
50911
28263
8070
65490
28313
38168
31016
46752
47587
46658
65268
717
44238
47782
53168
58382
9173
59381
10055
38039
43912
15806
54672
33502
3249
42900
29987
21830
35787
30970
35643
38401
34804
10299
3801
41820
53248
26810
58011
51537
14896
63176
20885
23706
58013
18635
9158
1516
53357
48355
38468
37693
743
47055
33469
45305
57130
52903
65389
52625
1834
15030
34751
18835
23460
38641
25681
22656
13793
2561
58138
29832
36300
20084
63580
35843
12252
29868
58724
16862
29136
50005
19019
2636
64223
51806
31756
52684
39657
35443
20141
12413
11396
50290
42854
28589
28167
1571
31207
18720
55370
62360
11219
3384
11154
37634
13487
17698
29722
25976
25173
50868
48695
32268
35209
39969
25559
19377
64307
17271
47541
42731
29631
41607
63272
40904
3430
4884
5593
58229
29076
60685
17067
47538
63997
11739
11596
12223
59182
24988
22645
43989
56860
27069
39934
48849
31883
14282
40069
53875
16280
7596
14818
5087
18136
64948
59132
57036
12078
458
6506
13506
32626
51284
6633
43849
61217
6706
8992
16800
34386
37487
54038
10588
5134
59180
24673
25117
42133
21370
61271
55756
24318
51548
58639
60840
30886
4775
27441
52956
36103
24749
4261
50134
26744
49810
1499
8938
46106
7619
57070
53127
43332
57240
61180
27481
11625
15162
7773
39288
43934
8507
23527
44814
46440
6630
9644
53744
55968
22239
28709
43165
33500
3072
42796
34
11552
11496
52458
3783
41407
64420
1213
38647
12973
6717
64083
40809
35202
9768
7187
25457
10842
14165
13748
11217
37858
60734
29564
26321
34703
43370
27632
5264
47844
29951
53175
64405
44177
26658
44383
22806
26406
27960
32585
30008
40829
25449
38733
27998
14230
44719
39367
56951
838
17777
23181
49020
49156
52302
44957
7398
37421
13672
15394
34660
278
14305
17794
54979
8204
34847
54860
30589
19474
28652
14513
47019
37179
585
60280
61535
45673
28393
39074
20519
20554
54654
55565
55683
12506
41833
25209
38234
111
13505
55463
59280
11160
52471
49628
49456
63936
6844
23384
60341
54813
41469
31043
35806
58594
1351
42113
13562
44069
27846
65013
35918
9150
10153
49281
56699
60663
2334
35009
52351
46581
65325
12891
32519
51178
28929
48835
65419
23871
61799
17511
28414
50192
7493
27186
6090
39308
54681
59632
3393
42357
11599
9973
24618
5867
11735
36454
35926
28551
31735
40281
63346
5220
48927
11193
41958
43877
15235
23839
15243
19431
50706
64876
1119
25220
41918
20007
29940
56319
53077
51011
22573
37416
22171
13832
20916
537
42651
49086
61988
32866
47637
41640
37565
36210
48452
46102
38603
36249
25314
373
58604
3713
36071
23889
3297
2130
25629
29791
33308
19610
62174
64665
61467
55412
22611
16764
33963
60471
34330
9576
50228
47040
64745
54062
48098
36211
63292
1443
54187
52838
3758
31109
39785
10902
61612
30542
61342
42522
25983
54569
33061
17144
50173
44277
25130
64183
50489
17878
14815
119
41542
46859
19195
10644
8027
57682
48048
32963
5108
34154
34770
35125
37992
26477
5915
18928
21220
56180
17328
44568
57315
48117
351
59461
50165
39784
64256
58326
33869
4377
13930
64231
58840
1580
31626
18648
61407
42801
38333
33537
48555
42435
28433
9632
17594
40432
45258
43950
51530
21786
38399
22756
61252
17322
30621
37888
64274
5692
34045
4801
563
37763
8519
53125
47820
63985
41577
40229
36110
51916
57007
51215
5203
18708
25181
21948
21080
358
18863
27972
31521
47313
38129
21772
34536
47346
44181
20470
38923
3834
24287
3470
38437
13876
25504
22629
33983
56231
40018
1056
30198
1061
48290
30146
52613
17319
39024
18167
1226
39590
14334
27283
32341
2041
45511
4202
40337
55374
21567
16306
40996
45111
22602
35032
53929
64145
18450
13784
23743
46324
4496
2233
38524
31430
3035
45118
725
20005
28695
8913
55609
40273
62286
13987
9003
9213
14093
16334
29415
38005
61685
49769
25180
59350
13937
452
49143
57880
3741
20564
47021
39619
54333
52339
38572
23833
5226
45558
8267
61138
40582
44409
16981
7951
492
50044
58258
55600
46978
36354
44514
8661
35270
3533
44563
11044
7007
41847
49931
7963
49661
42386
9356
38409
54539
44705
42749
56025
55139
12383
12947
10181
24341
29275
43799
30083
13449
988
37654
5787
33677
19311
29876
1
41765
19842
20746
27426
21635
22441
38331
16872
34569
36328
58379
4067
28399
20616
19353
47639
35688
32701
61927
30733
48460
60453
40967
35998
34678
14789
44094
63895
39671
6658
63264
26421
19358
34448
54786
19747
21048
24666
27015
39169
43516
16960
36815
40149
60365
43436
35788
22412
40367
39220
65179
42932
48902
60546
20149
15053
64695
30099
42097
13835
30777
58560
32869
50012
41921
7975
20801
13605
18661
37653
17962
10371
31063
20589
49190
4873
43221
1832
21151
47757
26410
10114
2124
58376
49598
17849
2185
11269
31748
42593
31305
54857
26766
61501
22280
38021
53578
5316
10692
49162
52498
57033
43956
28222
38392
54348
50650
10576
33724
63518
18900
25197
15881
54035
38404
26493
56982
14434
37162
40876
7326
1917
29747
39072
64517
61060
62448
36492
57762
64470
40681
62962
22847
63920
11406
5323
52887
58033
55367
16930
58300
44759
28674
42418
49344
54861
4485
6589
39833
44355
10066
5797
23348
43372
47229
15517
18864
7257
33539
58740
6606
59161
50686
24148
59745
12572
30029
49112
15172
6785
64334
4984
50788
8651
34709
28284
58018
6423
2748
29457
504
9589
60876
24728
16100
17500
59921
64608
39758
35877
64850
52629
10327
22991
21983
18471
20816
12661
43287
26619
5700
51357
46844
23247
22755
8536
43852
64449
39266
2361
52712
2847
11961
28678
35236
58368
10077
18548
3779
21560
24351
19060
42880
63450
6765
60160
21736
29870
12745
44869
64311
64814
38981
42390
3971
28522
62258
52694
59998
36059
55764
40248
24891
29334
49364
52132
27849
5754
62446
26219
62563
55014
33835
58381
20537
22632
34482
51026
12799
30850
62253
29865
49478
18636
63158
59413
64761
62071
33040
36402
3782
19211
63109
58298
50486
1558
30498
48204
4306
56343
49704
48359
14845
34680
54108
16597
63691
43127
11498
51202
32753
61648
60460
22182
26452
64804
30244
20769
50226
29900
42872
56990
18423
12939
59831
19862
60885
48429
29997
22194
58025
42569
9759
55654
17581
10070
45844
8047
23286
26257
42622
48871
55400
28004
10375
61481
49727
4557
3154
41148
49978
65503
60921
59391
25018
61462
29065
50278
41129
62633
5534
58281
648
50777
22354
30819
27335
26944
21526
25995
53002
46569
5594
20744
21318
24475
20387
52480
43914
15132
43345
8681
50764
6253
58371
61258
56115
49263
61377
6069
33725
55148
5449
58050
9595
48718
56447
38840
57289
56481
26329
51322
287
49793
25863
49483
10494
55422
44748
46994
34165
35646
56498
56131
56798
4676
36860
37772
18317
20923
52690
4877
6489
54282
40850
64138
61057
18516
34495
52203
41277
47979
27412
18645
24926
47634
42369
8120
31537
40198
51634
22808
29797
47343
43833
4714
60248
1187
41858
9207
18268
58873
5729
3630
35535
45935
63775
15596
14928
34976
43338
28091
63427
195
20629
50459
948
43378
2591
18872
47197
25091
60645
33107
46941
32899
62068
3891
9505
32738
5533
44004
32722
2928
46454
49226
46576
49414
21913
53140
23270
34076
21442
52962
28231
24266
28232
55236
41178
9924
9047
5515
40284
37381
38354
19381
54797
52241
30314
54759
13631
1020
20449
7630
50260
40500
1649
44058
12106
54625
16847
38610
59843
20809
53351
31573
28271
55614
28759
23322
42643
224
38317
36626
18831
31091
51194
42815
64767
62358
62614
21596
43706
17840
38758
47267
64266
44197
29200
49625
57731
22530
26978
10564
52905
24297
45732
50320
31198
14471
30753
59275
32327
24229
62607
45880
14210
65040
65336
797
61495
55132
50336
42752
46263
57380
48816
4265
35657
22421
27962
36135
26492
19813
46362
273
8758
52707
23790
22744
50572
17908
21229
57551
40727
52278
35640
4042
6328
55800
47104
41496
19058
56429
27938
62946
3629
11343
50164
12716
34375
10872
21391
23806
18271
21018
56713
53156
36162
11453
38075
5058
6077
61573
61074
20732
24371
53755
3945
52442
22347
8474
34837
33447
7732
1796
43540
3046
35721
9346
64087
37574
12823
5527
19233
37189
41799
41187
55549
20126
61547
55858
32501
51030
28808
21236
31404
48731
38829
24675
13006
19437
863
27651
32942
32376
20787
17709
19039
476
37158
47772
62123
41386
2227
46858
29437
24874
26524
29449
42117
1142
27490
47051
9442
53514
29608
28348
17543
592
17801
33828
56800
15933
26300
7629
3795
26499
9321
1914
52461
31855
62386
19601
2015
16407
50185
22762
6420
50356
39377
56958
14003
14642
49647
3754
58750
11108
49468
24179
1008
48911
29894
12341
39923
39181
21606
56797
14555
29494
62838
56190
64771
37046
42179
30843
57793
51963
36019
39880
25225
2533
1619
4611
6450
3109
63752
21206
4186
50215
25837
7152
375
27870
7032
46042
41399
18796
57136
14401
19483
9613
60950
31773
12677
56612
48128
60906
64554
29773
28990
9316
2136
23877
19080
22759
5140
39422
55664
36336
25656
14147
38209
53619
10676
17089
4785
12101
10320
48570
60774
12783
45122
64434
56104
58992
31302
6125
3600
14892
11698
14051
48375
63487
29374
26520
16535
24514
38096
4812
22270
5553
17317
35496
59241
23405
11710
56992
55368
15024
14380
35671
53455
55417
58774
58004
50809
60316
34672
4008
8162
40251
64406
15050
20820
2271
53911
15951
48950
24596
64847
44319
44091
64037
54082
8128
30449
49322
54588
50938
27626
56480
49014
15338
3732
20342
23288
12191
7214
58989
41442
24725
15904
15423
26182
58249
31368
20875
63421
44021
44713
40805
48189
6435
38630
53366
7030
28578
29879
43234
58450
29720
7002
53531
33587
38632
23730
39941
29981
64152
5427
31843
47752
25684
44939
10766
2448
11502
36824
65333
25486
13768
12051
6013
1497
16259
50947
51232
2302
50417
39979
41
24622
19818
39264
7500
36892
27297
14944
22004
7932
52660
26220
26830
36176
25379
64507
11705
15408
14218
20899
36126
25753
20833
28294
8096
37909
47746
23407
35250
32504
54315
56560
38990
51504
47215
35614
9652
63225
47730
39904
39014
65306
5142
52859
13440
65386
32991
37865
55896
35989
32985
5466
21832
58040
59808
31533
21517
60752
57710
61036
38726
41181
20414
16873
59693
10557
47082
45832
43138
51141
49711
56034
5823
19650
10410
28777
14404
27994
5694
60138
3261
34752
4869
39055
25638
22211
7544
57969
22628
57561
9097
32578
17943
31135
13609
47767
47931
28473
57813
39630
24292
15524
3355
18451
17119
35421
51924
42621
48508
24760
499
53658
23581
56260
58937
55246
20397
12112
53863
1673
43185
3869
7690
13252
14287
36021
9127
10412
33031
50779
36466
13220
52064
41045
11483
25649
50997
53064
22923
32308
65404
16248
42157
10938
368
8092
31948
17844
18335
38854
37774
51837
13568
18598
57653
36552
6279
249
60579
46523
51781
41379
41734
63466
53352
31165
34016
42153
29703
12123
52086
52993
27091
51010
47827
41352
20289
2467
34855
2106
57741
15482
29838
56100
489
20311
32021
54600
36498
16812
31458
24932
23844
30720
37527
9513
62505
12739
53218
50691
29170
58874
23114
41145
64099
63563
22853
55628
9592
59789
54755
56149
3760
56253
45277
35864
12820
4096
10516
873
52821
34564
52276
42645
31468
29511
12362
21931
40594
63153
61348
37614
52267
43588
11491
26184
11852
53069
26466
13311
26026
36459
53097
16048
25373
25731
7081
572
38258
27232
65467
6797
46445
12548
4797
13430
5875
62885
51838
57717
25112
30058
188
38514
62075
1712
53833
55346
46250
29155
22007
56934
58367
32278
25211
51644
14030
49267
52618
57305
24011
19735
64473
8985
47560
8910
17499
12274
29477
53307
7149
10620
42340
34664
20576
61087
64730
34645
45855
64903
30097
53549
33853
7385
43868
39548
20660
8744
56803
55821
33216
18059
28219
24402
2999
5066
13905
47060
46230
35197
59494
29053
4659
8512
63868
51308
55875
13561
59094
63108
23275
47401
34254
12181
11796
11504
40302
19787
9209
20542
17238
19433
42599
58854
37705
55036
47615
2775
36713
57078
21430
61899
62568
63594
45693
37
55581
63011
46398
18503
48611
54899
62228
19034
53832
8870
282
14206
55392
14794
63820
46672
43240
63185
47652
44381
35168
19212
40672
39289
37973
47329
54270
30689
50888
59783
44575
25743
33221
5269
27797
1230
37539
43098
59364
51750
4787
39151
9541
47352
34978
1148
65012
6072
22214
35144
52574
17853
51983
25248
53261
22166
200
41463
13361
62610
64191
22016
50127
31755
20142
57252
26759
62413
22351
53761
40714
52892
48783
9647
25751
7095
9885
51516
33656
63451
27679
50801
14242
30526
24181
5375
51422
56988
1483
47158
39692
43664
40427
44793
29541
58817
45021
6784
29302
1151
52117
58407
60757
30722
64806
19584
48058
34768
58586
31839
44604
55940
52791
64671
52076
35228
58061
4027
5314
28628
26399
20267
6385
4097
9234
51611
42098
7113
43724
14013
43579
957
48148
27967
43202
18755
32458
61527
62468
56949
6346
9740
60409
422
22245
62022
28209
26942
42908
30910
21226
4849
26724
26580
49375
52309
17005
64661
37164
54592
50467
30656
49127
34604
3331
24930
52388
60548
13995
29157
11341
8250
38607
59469
51871
26442
46025
56198
48789
16805
12652
53507
64668
54917
53034
23383
19807
45361
43105
63306
45871
49798
56980
54557
2622
28676
9233
59329
11458
57181
32039
53029
31370
38030
5916
53363
5129
22725
65360
6033
60512
45720
52779
20477
42300
12742
22151
39332
43954
19393
34469
14850
27202
19009
18484
62231
35388
47802
54472
26462
42887
65282
59463
57039
7726
12741
63285
43062
57322
26290
38588
44799
27575
41998
62329
34119
40153
36660
51809
44503
56006
62782
24880
17358
17074
32630
20962
2084
61007
36175
45662
45656
64731
49099
44588
1908
51172
15396
57634
13769
52126
49864
5935
16262
52066
9807
59236
34949
10890
25736
62539
58474
43212
6652
54412
61200
34622
58031
49337
21679
19147
46677
52558
52226
17279
517
61435
37613
54869
30481
60464
21243
64480
855
34572
34812
59002
62082
14100
23060
16646
416
8401
12189
17898
8972
5424
36214
40625
53938
40886
16290
60831
54072
47044
39547
38728
41077
2110
11620
57745
64492
21728
41742
31126
45077
44013
10235
1127
46273
65437
30315
51787
57109
2926
16065
33554
33275
57562
56586
48335
25430
29280
38902
13093
45089
17163
43373
19359
22927
24859
15186
2661
18294
47191
9520
2540
38951
139
37708
6500
58197
2220
45849
25523
35264
12321
49328
41964
45537
23464
9114
30578
47738
58850
17674
41755
19390
56393
24425
25626
47161
56709
633
15763
39384
49728
10026
11880
25394
11226
57866
9932
20946
20540
32645
2115
57854
52693
50845
10417
57674
17062
34065
2639
12213
4131
61693
4545
17717
39700
56704
13094
39392
25456
14140
5920
6673
21545
34698
46552
1553
10783
52281
51814
8280
49611
13882
25537
18801
40663
25217
62899
57657
17094
52326
34950
38711
5985
32855
22219
22457
15573
45163
41524
59187
47422
39845
37947
22699
15725
58373
21257
46906
59502
23029
49824
44294
12880
10196
31578
13517
31316
20581
2964
29572
34033
36058
50815
8011
849
54234
22900
20259
10956
24278
7770
33415
35445
39182
2359
65023
52116
39280
40770
1949
52951
8991
42331
13067
58082
10809
41915
9164
52835
59446
40056
27747
13133
19999
57311
44749
53762
30863
49379
19753
49733
52421
25491
31277
37839
8314
11375
38023
18707
467
45874
57158
26909
29557
60348
18367
54741
53849
15166
18905
62344
32823
63124
18805
27714
6431
50906
17432
54104
10632
32769
46332
26778
57325
7513
20262
40992
29298
16896
28230
35109
10193
35666
40004
16231
5558
42415
60277
14800
61862
21254
42271
31738
31623
36404
19589
9153
30408
39950
35045
14927
43853
16302
14981
36250
34190
30652
31304
33003
60890
5576
16213
42075
43146
28896
18312
23285
34476
31160
55214
51101
31793
45394
22430
31816
17919
15340
6390
11085
36414
45368
17930
65505
53379
51190
61370
29846
26955
53073
20547
46719
50383
34767
13143
62171
36474
39905
22063
22528
50736
27902
10147
30303
12122
31672
4161
37475
35838
14528
61375
33340
32983
14541
44838
22139
52088
17205
21702
44506
13301
39186
12900
18911
6045
31502
24453
35423
17565
27903
39602
3953
28470
39982
38152
19285
58014
6325
47590
7335
8747
59220
55282
6592
47937
2034
61626
21045
34670
12954
37791
31112
32702
20098
53412
19312
8146
48227
62922
46743
46097
37607
42839
11898
65317
56448
41811
16216
45327
57168
39077
30895
37739
42625
21493
357
39716
60174
38013
25717
11096
19542
28820
58272
26181
47744
23225
35296
20526
26467
24755
37718
24104
28918
38490
17890
25223
37123
43315
45580
58756
60943
46624
28590
36782
60130
13406
17467
19996
30746
19760
45205
21421
33636
29649
3058
41637
3357
40261
59630
44608
52343
20411
35380
46857
17318
41832
46505
14248
64361
2750
32594
29667
684
51437
8256
57531
52816
11644
41180
49454
50628
33237
9544
31083
14
20797
56088
64005
8094
5971
57855
12872
8322
3358
8165
37083
20316
58400
13792
1349
53857
35923
36008
19738
61891
20353
31591
59018
14181
23478
7761
55739
32996
27789
56396
63632
58886
45117
52646
15593
39436
20928
18725
55060
4193
31989
18495
51754
32291
40918
54196
8346
19114
54455
65322
11443
42263
14419
28372
34128
44586
59031
11986
38438
3020
28986
44343
11272
22967
17694
41611
52369
63718
23562
4860
53472
32548
10921
4660
51134
46542
3102
33409
39156
3386
55108
15065
2447
4658
20041
62750
32640
813
18964
17786
60191
37395
47017
34064
29289
42183
15017
11733
43236
19911
50570
65521
11300
31104
7134
43418
42450
37742
20273
47803
58156
27035
49861
2381
24087
42705
38589
52599
23049
33843
10546
16985
6812
27704
47673
58125
30873
53144
32154
41248
33850
59260
23091
20446
18428
21892
18154
1933
41629
18685
63245
59400
24946
46496
22500
32275
59850
50333
39689
61172
39328
5189
64315
47656
23864
1117
2308
25948
52557
57533
16245
47405
60249
40605
36896
26872
40448
28555
7371
61466
39213
7898
52342
15729
27645
25924
34124
1170
45094
9742
42130
35933
30993
45140
63192
24813
57864
1670
5786
17785
64164
47084
22612
54101
52562
35792
28679
12685
24775
19422
14066
46316
31779
27513
10328
43404
45458
37675
14522
49624
22199
6300
43697
31265
46239
47956
48819
7139
20587
10638
16865
17579
60997
54313
22057
31522
5721
5018
63902
6916
63822
53707
42045
33019
57834
59480
44835
46760
43710
1484
44140
48428
35193
6166
405
31715
1734
37845
51153
24744
44362
17453
574
14579
62837
63553
59876
9900
22186
14512
61160
42573
48005
15025
19932
64752
19706
48579
27587
17586
13209
54119
43160
4378
46532
9913
348
392
4619
18793
64656
40253
53080
1308
26777
52511
40675
15718
40581
51941
52588
1387
48667
45410
46810
22992
36968
46311
4900
25633
33391
27524
45150
25311
57075
8764
30734
42514
21504
36292
32520
14190
43570
9491
12387
42246
16148
34367
57499
40547
49118
23032
55058
2719
35112
177
57467
65189
12382
31187
4102
51835
63174
1429
59096
42905
48214
1800
24650
3644
64109
42735
57067
64994
62956
27927
27749
34593
48157
2330
57194
3131
35307
19088
37661
61540
20700
61150
29058
22247
16581
48874
41674
59938
22885
12366
5131
24706
25413
12752
34689
53566
43387
15735
62140
27775
31497
52151
59171
11954
12919
63638
39681
42393
48756
23998
45872
9773
60011
41839
25777
37422
28817
32298
59123
30573
8567
40985
27751
23963
22200
29739
65532
39106
53440
32375
13422
24575
23265
7421
26796
15971
36448
45887
23232
1133
6703
40921
1671
12271
56373
19978
64598
1874
47062
2018
20472
57235
57618
37541
29003
54794
59306
21105
5185
8205
31947
39433
63428
43896
58449
8515
43362
11425
30239
55260
8248
37428
48908
31980
6676
33748
32760
33248
41508
21602
3636
27431
19615
4480
8464
9660
56587
12105
57290
46856
41666
40560
7677
23437
21856
55261
58331
29760
40591
34327
49121
11091
3998
49533
49017
30754
61161
26536
29409
14406
29132
65056
59470
14021
46671
44502
12555
18960
19554
14676
32187
33254
30177
22350
24154
36543
52570
31866
8630
9262
35861
8812
54548
18504
57600
60846
43361
21888
64600
29861
6856
2405
33782
38932
7964
9284
43306
42524
14462
50115
61690
64969
50141
12236
20388
50077
53978
39139
64498
21026
27087
53710
4542
57928
49983
26037
45963
52038
39463
57684
50136
23062
1346
51850
36387
63186
36039
10418
27999
61223
64284
51441
52280
19854
64768
19495
45180
31743
10130
44404
6795
2297
11795
58512
36389
32464
49896
30912
8686
2624
64889
42826
15430
59800
27629
9419
6507
5919
15597
13762
36561
35000
39740
26237
587
26394
40666
64541
41793
64424
4232
5394
18881
33899
5657
58363
59778
56435
16609
13992
6880
8012
28277
62146
27374
58190
21616
51398
30560
5709
9984
24871
8631
52250
6511
47852
26040
384
14767
39623
63277
30309
58392
40858
31518
30858
39503
3250
12778
36197
54293
12339
23865
23364
6050
62674
9226
47047
742
25469
44519
21510
18362
8547
42307
18717
5831
32576
17929
24071
815
18314
30903
53234
65375
7028
22080
4848
4856
37651
43251
21213
40586
18614
47248
37800
62119
42108
28562
20864
15397
36018
25256
13826
64325
23493
12873
57310
60848
29016
37768
3922
63589
53754
21850
47578
9624
7130
21125
3742
38246
18027
44695
25269
5182
12028
43970
52720
50507
45821
20419
47479
39764
59761
3675
10079
40166
47873
52247
30
228
64075
6560
14568
59534
14492
19339
14363
55168
6637
58615
60833
16881
21665
35470
25507
656
28300
55500
7459
2182
56606
22453
19301
51302
36041
41006
39928
6842
10949
62943
54595
7440
22277
37013
6028
61625
2303
34222
3977
60098
16023
688
42439
48502
58290
57437
20391
30533
20045
37592
49385
12266
58619
5352
35401
14366
16952
36304
43793
60042
33954
55519
59763
4639
38510
30064
2908
40144
55602
23390
64946
43019
17257
49432
14354
4208
53205
7935
58245
5211
37951
7439
25754
43676
28466
43906
21747
28758
6957
17659
5056
15820
54117
54295
18929
55747
49327
59959
40003
32106
14356
42381
53200
45834
56516
14187
31850
56279
8435
24075
48898
64289
36961
399
52652
47724
60104
43104
388
51130
56181
53914
19927
15981
16874
7352
42973
337
62569
48136
63707
49113
59894
46301
20162
4474
31197
8242
26103
41058
53336
27504
19746
29383
40160
49045
24942
56245
54712
45172
39877
25912
52878
26714
60677
52037
15570
34272
58251
59416
807
4230
21753
35710
55885
51313
23567
19402
53538
4397
51695
38871
56368
15543
61654
52212
19103
18049
5036
30088
53718
13552
37754
56012
5235
25101
41706
41112
45384
31170
19440
43627
28778
15040
35635
26892
38853
51947
49976
50433
45683
27238
53729
64689
39638
47585
29105
10447
40065
12564
31799
37135
19603
13642
15562
20344
50128
10059
15345
49510
41698
46442
775
57187
44300
31395
25962
24688
36298
21420
42082
38104
15372
60216
54543
53742
53842
58122
3935
65186
54675
13475
55205
39127
55546
802
7314
20188
5717
15727
18651
19624
8002
9024
15594
27654
61464
15701
46930
7748
49214
26576
63173
36153
1870
48063
22985
37986
57795
62923
23559
47265
21620
22374
41616
44099
49898
59750
6119
29113
20517
53217
44981
23447
12006
62093
61758
33192
45133
56583
46490
29732
28084
27011
28089
9434
56338
19205
62700
58671
65264
22581
8255
17044
61188
47663
1910
53988
8328
377
55553
43915
52926
16823
13015
19445
2395
22733
38633
16315
25060
16824
2936
41157
35525
24887
13831
56642
58165
32944
64810
1950
22789
16314
2347
14638
9659
57231
51984
29125
56170
62806
22449
60230
11836
55156
29958
39892
59628
47440
47459
11575
60672
15704
951
26631
65031
21034
1561
26790
10276
23781
53510
5664
58865
17800
25781
45829
10897
732
8076
24162
13030
61255
24408
34301
63364
24085
49497
17348
52252
55
59524
13378
47113
56015
56671
6868
26667
56682
53511
6445
12171
8848
40626
60137
40497
40554
33345
24911
62635
20808
8590
53396
9279
43744
30511
19864
58231
22146
26000
38634
55690
24652
57144
54049
51062
19216
9023
51197
20457
4233
43118
15034
49232
12927
28325
10143
65446
33086
15484
30710
12050
3448
21964
49010
35173
59286
41681
27150
61050
34795
47268
8545
13761
1491
26046
9166
1736
27312
39618
28824
18275
15654
43064
60022
27711
8434
29444
8627
39666
990
35565
3888
56370
59906
62163
6792
57701
41529
18783
58738
11167
19539
6140
42804
51854
8987
51070
28550
56266
28332
42909
19496
36357
60710
43049
45618
24028
29250
2649
5149
41749
25940
624
53760
1365
41163
27819
48576
54908
10973
6173
40957
50937
32723
12969
42874
54477
51647
21388
27850
41646
32230
37294
58556
18572
24309
31562
61374
49338
42715
4909
60972
20366
55830
22869
47664
23221
9939
42301
42584
46667
48903
48191
20979
44828
5930
60749
6220
39508
63726
20251
38668
9985
56017
21
50717
20658
30699
21683
26704
35551
35175
56501
1258
45931
45382
17540
25949
51862
46545
62964
32861
53431
57641
21670
40974
41913
41571
35685
7389
6542
20711
19910
27780
19820
64466
29411
63463
39278
17000
63956
65109
8209
59194
4628
11271
35592
53288
59815
19374
64979
5572
26966
13081
33516
9296
36195
64582
62271
54838
25131
16116
21854
40520
56694
62902
58091
52667
59105
45978
52154
5338
9329
42021
36188
35495
13867
65332
21489
10149
35339
30291
36436
16429
30321
63061
2176
13142
17112
43907
3473
12245
1452
32279
41828
14824
62600
32448
16937
31574
33658
15315
61134
62302
41280
4609
55287
10115
22993
56756
18884
62769
4525
17201
10815
23351
13964
11892
18442
28599
24407
55152
39771
8291
55125
18003
6245
57381
10688
64677
21755
58984
65176
25210
28827
40773
33785
49948
15585
14834
54931
63829
60294
29246
61840
3988
22908
37132
26693
16379
32683
13435
7591
58976
37669
19848
45908
49100
32888
64369
9247
41834
49699
36026
60632
9482
60005
24990
31652
29691
61686
17559
31710
14600
21689
47291
47789
49669
31629
60835
18973
7557
60626
57115
65456
16186
39456
34778
23297
23917
9618
29102
30369
40140
1067
55623
3599
35978
39025
43753
15831
25434
34451
63271
56945
39235
62477
13152
43265
14770
59246
49242
36834
39866
55488
30510
7393
25163
65183
40688
6091
8731
26151
33115
2375
1976
49330
52300
47884
2063
8554
48719
25182
47608
16964
21316
2105
12682
34281
15767
41099
57324
1257
3908
23643
13558
31640
8486
26479
10043
54366
48019
37409
52390
65440
43576
29795
39066
36268
30278
30900
12832
54054
3378
54872
33150
13421
38739
10037
40576
12684
4406
2878
2086
58793
53653
43735
4411
3587
23194
8732
24895
22510
57482
36470
17979
18159
36544
15780
7865
26012
28037
29074
33066
11349
19793
31025
29662
10991
16239
53585
17403
58979
30940
61499
23571
6129
55668
55223
51698
46568
470
21471
6780
49917
5898
32002
64459
1514
44853
35844
12913
1822
58720
50732
37007
38624
42897
7989
42848
63015
48253
64728
23983
54958
15158
20118
12144
46621
50830
61092
56211
27920
54052
631
51976
10763
59023
44172
33212
30332
36320
38616
35192
35134
54405
5458
52219
24740
63799
21688
60788
23073
7118
23168
5397
8542
41557
42243
55004
24063
52096
61294
49686
38179
45635
22754
22809
